22
25
60
92
96
163
168
173
193
250
284
299
306
318
373
392
402
448
503
587
605
615
631
644
674
675
677
678
679
680
681
683
697
698
699
700
742
826
827
831
957
996
1004
1018
1030
1031
1035
1051
1075
1082
1108
1147
1294
1299
1325
1380
1420
1452
1469
1499
1542
1549
1557
1568
1738
1760
1888
1903
1943
1947
1982
2014
2060
2075
2080
2087
2105
2115
2179
2192
2212
2257
2277
2283
2285
2309
2326
2330
2372
2464
2469
2480
2486
2504
2524
2536
2558
2559
2589
2601
2615
2649
2674
2681
2683
2695
2696
2697
2698
2700
2701
2702
2703
2705
2706
2707
2708
2709
2711
2712
2713
2714
2716
2756
2766
2777
2778
2848
2855
2862
2864
2877
2886
2913
2961
2977
2999
3001
3025
3057
3114
3127
3174
3188
3190
3199
3200
3212
3319
3326
3348
3369
3427
3462
3469
3529
3568
3581
3635
3778
3844
3856
3884
3928
3937
4005
4209
4212
4234
4239
4274
4287
4293
4307
4387
4420
4495
4514
4531
4553
4569
4576
4651
4656
4666
4672
4684
4712
4715
4734
4758
4859
4867
4885
4904
4945
5055
5074
5082
5175
5176
5297
5316
5371
5377
5457
5500
5530
5549
5675
5678
5703
5726
5738
5745
5765
5799
5835
6110
6124
6127
6129
6141
6202
6217
6250
6261
6291
6321
6322
6323
6360
6515
6627
6631
6740
6747
6751
6816
6820
6845
6877
6884
7031
7037
7060
7144
7146
7180
7193
7212
7261
7281
7282
7310
7342
7344
7366
7401
7407
7421
7445
7462
7551
7563
7580
7605
7608
7708
7720
7748
7750
7792
7824
7841
7891
7896
7912
7921
8018
8075
8106
8112
8124
8170
8181
8207
8227
8288
8289
8290
8291
8292
8304
8387
8392
8410
8422
8459
8480
8485
8508
8551
8565
8622
8634
8638
8697
8749
8784
8798
8840
8846
8860
8877
8977
8980
8981
8983
8984
8985
8986
8991
9017
9055
9080
9095
9139
9164
9165
9174
9221
9222
9224
9225
9226
9227
9228
9229
9235
9244
9247
9263
9267
9298
9332
9359
9387
9431
9506
9546
9622
9633
9666
9675
9723
9724
9732
9736
9753
9777
9881
9919