15208
23311
19718
19719
16041
28954
24802
20165
18840
20476
895
3530
4491
24620
24300
2455
8006
15048
1459
4928
11574
25416
27966
27955
27954
153
4642
2577
20629
8251
6069
5171
5664
26112
27176
3074
9604
5456
25496
15827
29970
9561
4844
9809
18662
27982
6395
6121
7044
7576
18478
8360
3690
7624
3016
29839
8225
23894
1709
7460
13098
11057
20149
20148
22268
26248
19758
14744
15049
5317
5320
22700
7160
513
26785
9828
24075
17270
16424
606
2988
4381
18479
29838
3723
8572
4700
9708
7652
7651
7650
7310
7286
6880
6745
6744
6743
6742
6741
6740
6737
6716
6583
5939
5177
3729
3728
3727
3726
3725
2517
81
0